30002
30004
30005
30008
30009
30011
30017
30019
30021
30022
30024
30030
30032
30033
30034
30035
30038
30039
30043
30044
30045
30046
30047
30052
30058
30060
30062
30064
30066
30067
30068
30071
30072
30075
30076
30078
30079
30080
30082
30083
30084
30087
30088
30092
30093
30096
30097
30101
30106
30126
30127
30144
30152
30168
30213
30228
30236
30238
30250
30260
30268
30273
30274
30288
30291
30294
30296
30297
30303
30305
30306
30307
30308
30309
30310
30311
30312
30313
30314
30315
30316
30317
30318
30319
30322
30324
30326
30327
30328
30329
30331
30334
30336
30337
30338
30339
30340
30341
30342
30344
30345
30346
30349
30350
30354
30360
30363
30620
30519